MCMC statistics, nsimu = 10000

                 mean         std      MC_err         tau      geweke
---------------------------------------------------------------------
        e1 9.9199e-05  5.6117e-05  5.3502e-06      83.592     0.68184
        e2 9.2374e-05  5.9001e-05   5.829e-06      105.53     0.76824
   delta_B   0.017692    0.001341   0.0001589      254.26     0.98022
        SI     0.6345      0.5506     0.12151      1247.8    0.063996
        GI     30.125        6.02     0.65853      165.92     0.96526
    mues_r  0.0013304  0.00095325  0.00017527      1002.5    0.028361
    mues_e  0.0010473   0.0010099  0.00020688      1262.6    0.020945
 alpha_eta    0.04688    0.029704   0.0063515      1284.3     0.14961
  beta_eta     24.723      2.0772     0.35897      1101.8     0.82762
 eta_basal   0.012852   0.0020148  0.00035924        1060       0.914
---------------------------------------------------------------------

rejected: 0.433700000000000