MCMC statistics, nsimu = 10000

                 mean         std      MC_err         tau      geweke
---------------------------------------------------------------------
        e1  3.066e-05  5.0745e-05  1.0695e-05      1143.8     0.04455
        e2  2.451e-05  4.6421e-05    9.81e-06      1042.2    0.062548
   delta_B   0.016465  0.00057561  0.00013045      1117.8      0.9438
        SI     0.1001  0.00016207  3.5007e-05      1141.4     0.99731
        GI     14.143   0.0008541  0.00019365      1113.9      0.9999
    mues_r 0.00010664  0.00017223  3.8305e-05      1154.7    0.059795
    mues_e 0.00065598   0.0011348  0.00025766      1110.5    0.075197
 alpha_eta   0.010487  0.00081875  0.00018523      1132.2     0.87277
  beta_eta         21  0.00068594  0.00015484      1122.4     0.99995
       eta   0.010253  0.00042267  9.4402e-05      1138.6      0.9319
---------------------------------------------------------------------