MCMC statistics, nsimu = 10000

                 mean         std      MC_err         tau      geweke
---------------------------------------------------------------------
        e1 5.9625e-07  4.8352e-07  1.0132e-07      489.85    0.023261
        e2 1.0391e-07   5.029e-08  1.0052e-08      681.25    0.026956
   delta_B   0.020498   0.0057686   0.0011041      893.21     0.58958
        SI     1.2582     0.50705    0.099899      716.48    0.027721
        GI     25.949      7.0361      0.9453      268.62     0.89823
    mues_r 3.3264e-06  2.5351e-06  5.3927e-07       679.4    0.063928
    mues_e 8.8867e-05  5.2077e-05  1.0897e-05      527.15    0.014021
 alpha_eta    0.11996    0.057717    0.011533      991.04    0.029801
  beta_eta     23.507      2.8037     0.25391      116.15     0.86778
 eta_basal   0.015418   0.0031396  0.00032436      136.49     0.81708
---------------------------------------------------------------------

rejected: 0.541000000000000