MCMC statistics, nsimu = 10000

                 mean         std      MC_err         tau      geweke
---------------------------------------------------------------------
        e1 2.5057e-05  8.8556e-07  1.4126e-07      241.09     0.93701
        e2 0.00013107  6.1305e-06  1.2116e-06      368.08     0.85221
   delta_B   0.016154  8.4104e-07  1.3261e-07      435.21     0.99997
        SI    0.10002  9.4022e-07  1.8766e-07      368.31     0.99997
        GI     14.142  3.9808e-06  7.8377e-07      390.34           1
    mues_r   2.14e-05  1.1041e-06   2.143e-07       384.4     0.82811
    mues_e 0.00010911  4.4417e-06  8.8514e-07      374.76     0.86763
 alpha_eta   0.010045  1.9501e-06  1.7387e-07         102     0.99992
  beta_eta         21  1.5295e-06  1.9681e-07      252.91           1
 eta_basal   0.010035  1.3675e-06  1.2007e-07      84.838     0.99995
---------------------------------------------------------------------