MCMC statistics, nsimu = 10000

                 mean         std      MC_err         tau      geweke
---------------------------------------------------------------------
        e1 0.00010183   5.782e-05  4.8037e-06      51.651     0.54579
        e2 8.9092e-05   5.774e-05  3.7727e-06      41.946     0.93601
   delta_B   0.082514    0.037731   0.0069092        1028     0.12465
        SI    0.18581    0.094094    0.019744      1318.7     0.17983
        GI     14.201    0.077644    0.015926        1220     0.98884
    mues_r  0.0012777  0.00084711  0.00012096      462.28    0.035962
    mues_e  0.0014823  0.00082745  7.7631e-05      66.228     0.59385
 alpha_eta    0.22064     0.23189    0.047818      1312.7     0.03344
  beta_eta     21.049    0.058827    0.012389      1330.9     0.99352
 eta_basal   0.016871   0.0061614   0.0010797      1150.2     0.26503
resting_macrophages   4.77e+05     0.21265    0.043837      1290.5           1
beta_cells     299.89     0.11889    0.024086      1285.6      0.9991
   glucose     99.823     0.14399    0.028783      1242.5     0.99644
   insulin     10.157     0.23272     0.04788      1278.2     0.95337
---------------------------------------------------------------------

rejected: 0.268100000000000
accepted: 0.7319