MCMC statistics, nsimu = 10000

                 mean         std      MC_err         tau      geweke
---------------------------------------------------------------------
        e1 0.00010312  5.7627e-05  3.7378e-06      50.328       0.693
        e2 9.7674e-05  5.7519e-05  3.5694e-06      45.904     0.84399
   delta_B    0.10633    0.051651    0.011237      826.13    0.032614
        SI    0.32221     0.15512    0.032086      619.05    0.069593
        GI     14.216    0.097601     0.02037      617.15     0.98849
    mues_r  0.0012859  0.00082879  0.00010968      287.31      0.3034
    mues_e  0.0014079  0.00083311  8.9526e-05      144.22     0.72917
 alpha_eta    0.34511     0.19899    0.041066      1157.2    0.017687
  beta_eta     20.615     0.24656    0.052858      699.07      0.9649
 eta_basal   0.020128   0.0067168   0.0012299       764.8      0.2938
resting_macrophages   4.77e+05     0.39328      0.0789      1233.9           1
beta_cells     300.25     0.23734    0.050829       637.3     0.99829
   glucose      99.64     0.26643    0.057161      645.07     0.99296
   insulin     10.544     0.42673    0.085939      1239.3      0.9146
---------------------------------------------------------------------

rejected: 0.356100000000000
accepted: 0.6439