MCMC statistics, nsimu = 10000

                 mean         std      MC_err         tau      geweke
---------------------------------------------------------------------
        e1 0.00010567  5.7924e-05  3.8984e-06      58.474     0.98459
        e2 9.7633e-05  5.9927e-05  3.8168e-06      53.131      0.9036
   delta_B   0.020073   0.0028632  0.00023486      94.965     0.95283
        SI    0.10407    0.003066  0.00032229      145.27     0.97589
        GI     14.151    0.015422   0.0032799      612.17      0.9988
    mues_r  0.0014357  0.00080739  9.9937e-05      389.22      0.1162
    mues_e  0.0010816  0.00077382  7.4684e-05      87.727     0.21787
 alpha_eta   0.036378    0.061018    0.012786      642.15     0.12087
  beta_eta     21.094     0.25499    0.054177      679.12     0.98783
 eta_basal   0.012973   0.0024593  0.00031962       264.1     0.66807
resting_macrophages   4.77e+05      0.2041    0.041774      671.23           1
beta_cells     299.94     0.19313     0.04073      691.17      0.9994
   glucose     99.996     0.05084   0.0089192      241.01     0.99974
   insulin     10.029    0.092895    0.019005      659.43     0.99195
---------------------------------------------------------------------

rejected: 0.312100000000000