MCMC statistics, nsimu = 10000

                 mean         std      MC_err         tau      geweke
---------------------------------------------------------------------
        e1 0.00010447  5.8767e-05  4.4645e-06      85.623     0.54257
        e2 9.1023e-05   5.643e-05  5.7488e-06      97.375     0.40625
   delta_B    0.01871   0.0020858  0.00031854      722.11     0.84766
        SI    0.10571   0.0092059   0.0019421         713     0.90408
        GI     14.174    0.052494    0.011083      870.16     0.99462
    mues_r  0.0003923  0.00027804  4.1316e-05      325.09     0.42969
    mues_e  0.0020568  0.00061342  8.7154e-05      416.32     0.68052
 alpha_eta   0.075733     0.11464    0.024245      902.63    0.056445
  beta_eta     21.005    0.025923   0.0052807      1079.3     0.99873
 eta_basal    0.01171   0.0011207  0.00017849      1006.2     0.99084
resting_macrophages   4.77e+05    0.066659    0.013991      801.22           1
beta_cells     300.01    0.024587   0.0052184       832.5      0.9999
   glucose     99.996    0.016165   0.0029087      921.31     0.99993
   insulin     9.9211     0.15314    0.032316      916.89     0.97819
---------------------------------------------------------------------

rejected: 0.487500000000000