MCMC statistics, nsimu = 10000

                 mean         std      MC_err         tau      geweke
---------------------------------------------------------------------
        e1 2.1895e-08   6.255e-09   9.385e-10      233.26     0.64618
        e2 7.4004e-08  4.2227e-08  8.3521e-09      823.11     0.21172
   delta_B   0.022097   0.0047007  0.00063384      223.64     0.74508
        SI    0.21617    0.072559    0.012616      611.42     0.35496
        GI     29.312       6.285     0.90649      521.66     0.75047
    mues_r 1.5037e-06  5.9455e-07  9.9997e-08      930.21     0.42681
    mues_e 9.4518e-06  1.0536e-05    2.25e-06      1104.1     0.11915
 alpha_eta   0.051571    0.055598    0.011979        1116     0.11504
  beta_eta     25.396       2.458     0.27787      146.51     0.97825
 eta_basal   0.014227   0.0033064  0.00049847      600.95     0.72767
resting_macrophages  4.722e+05       27762      3216.5      202.44     0.94531
beta_cells     297.83      16.687      1.7826      111.23     0.99626
   glucose     101.06      5.7688     0.44667       73.58      0.9749
   insulin     10.004     0.57506    0.062117      91.984     0.92933
---------------------------------------------------------------------

rejected: 0.405200000000000