MCMC statistics, nsimu = 10000

                 mean         std      MC_err         tau      geweke
---------------------------------------------------------------------
        e1 0.00010219   5.882e-05  4.7483e-06      54.842     0.60277
        e2 0.00010646  5.8584e-05  5.8169e-06      95.624     0.53202
   delta_B   0.017251   0.0010842   0.0001515      401.58     0.89655
        SI    0.11339    0.016984   0.0033003      1177.6     0.70883
        GI     14.145   0.0033291  0.00058214      908.59      0.9996
    mues_r 0.00092541  0.00077305  0.00013488      880.87    0.056799
    mues_e  0.0012565  0.00080266  0.00012162      564.66     0.02244
 alpha_eta   0.012707   0.0020588   0.0003272       984.5     0.69859
  beta_eta     21.093     0.12171    0.025329      1117.9     0.98857
 eta_basal   0.010286  0.00025269  2.5727e-05      126.74     0.97308
resting_macrophages   4.77e+05    0.071522    0.015085      934.99           1
beta_cells     299.95    0.063608    0.013269      1091.7      0.9996
   glucose     99.982    0.023548   0.0047337      1178.6     0.99953
   insulin     9.9945    0.021981   0.0042397      709.55     0.99827
---------------------------------------------------------------------