MCMC statistics, nsimu = 6000

                 mean         std      MC_err         tau      geweke
---------------------------------------------------------------------
        e1 9.5536e-05  5.3871e-05  5.4333e-06      71.235     0.59923
        e2 9.7868e-05  5.7116e-05  7.0039e-06      113.16     0.97791
   delta_B   0.018958   0.0019849  0.00035338      394.51     0.73209
        SI    0.10391   0.0035974  0.00075046      423.16     0.95594
        GI     14.145   0.0039159  0.00080242      342.42     0.99959
    mues_r   0.001236  0.00073389  0.00014548      557.73     0.14745
    mues_e  0.0018963  0.00081511  0.00016066      644.27    0.070611
 alpha_eta   0.010773  0.00056646  0.00010028      547.16     0.92681
  beta_eta     20.999   0.0041251  0.00083928      379.57      0.9997
 eta_basal   0.012668   0.0031003  0.00064446      516.17     0.55135
Initial_condition   4.77e+05   0.0044439   0.0009605      408.28           1
Beta_cells        300   0.0092251   0.0019484      527.55     0.99999
   Glucose     99.997   0.0039484  0.00083399       568.2     0.99995
   Insulin     10.001   0.0082674   0.0016756      510.22     0.99993
---------------------------------------------------------------------




