MCMC statistics, nsimu = 10000

                 mean         std      MC_err         tau      geweke
---------------------------------------------------------------------
        e1 8.7978e-08  1.4509e-07  2.9873e-08      851.54    0.099927
        e2 3.3498e-08  1.9339e-08  3.8556e-09      970.83     0.14437
   delta_B   0.054001    0.020788   0.0028048      470.08     0.60101
        SI    0.33609     0.10862    0.014555      298.36     0.55712
        GI     24.176      7.7704      1.4866      1241.1     0.34601
    mues_r 3.5917e-06   3.217e-06  5.8075e-07       846.7     0.29911
    mues_e 9.2282e-06  1.5099e-05  3.1593e-06      880.59    0.085752
 alpha_eta   0.031893    0.030041   0.0060669      723.85     0.11125
  beta_eta     21.018      4.7455     0.39152      79.043     0.89458
 eta_basal   0.021334   0.0056186  0.00055972      128.49     0.98418
resting_macrophages  4.761e+05       26685      2164.7      66.921     0.99569
beta_cells     300.76      17.369      1.6113      107.62     0.96956
   glucose     100.41      5.7044     0.44281       60.32     0.95069
   insulin     10.032       0.573    0.048931      68.003     0.97666