MCMC statistics, nsimu = 6000

                 mean         std      MC_err         tau      geweke
---------------------------------------------------------------------
        e1 7.9999e-05  6.4384e-05  8.9689e-06      330.05    0.017802
        e2 9.0327e-05  6.6682e-05  9.5419e-06      370.29    0.017471
   delta_B   0.017754   0.0017374  0.00033513      692.21     0.77947
        SI    0.10862   0.0080484   0.0016611      783.43     0.80782
        GI      14.15   0.0073209   0.0014791       776.3     0.99867
    mues_r 0.00064087  0.00072638   0.0001166      418.17    0.025502
    mues_e  0.0014491   0.0010064  0.00019087      469.94    0.014461
 alpha_eta   0.010353  0.00037342  6.8813e-05      564.24     0.92358
  beta_eta     21.002   0.0034311  0.00073701      551.28      0.9997
 eta_basal   0.017086   0.0063846   0.0013474      786.94      0.2176
  onset_mu     4.8144   0.0022231  0.00039416      513.81      0.9989
onset_sigma     0.2137   0.0060235  0.00086382      156.13     0.99815
---------------------------------------------------------------------







