MCMC statistics, nsimu = 6000

                 mean         std      MC_err         tau      geweke
---------------------------------------------------------------------
        e1 9.5638e-05   5.868e-05  5.0785e-06      38.802     0.77696
        e2 0.00010517  5.6456e-05  3.9945e-06      29.066     0.69188
   delta_B   0.021991   0.0051879  0.00095962      229.92     0.57513
        SI    0.12525    0.028777   0.0056892      681.07     0.54846
        GI     14.149   0.0078768   0.0015076       601.3     0.99886
    mues_r  0.0014282  0.00084903  0.00015231      581.38    0.062646
    mues_e  0.0014841  0.00087763  0.00014654         465    0.048266
 alpha_eta   0.014955   0.0052794  0.00090888      391.03     0.39245
  beta_eta     21.008   0.0089537   0.0017614      657.82     0.99915
 eta_basal   0.013725   0.0038943  0.00066093       369.6     0.47584
---------------------------------------------------------------------