MCMC statistics, nsimu = 6000

                 mean         std      MC_err         tau      geweke
---------------------------------------------------------------------
        R0  0.0029876    0.006129   0.0012932       331.5    0.058557
       EG0  0.0027369    0.004247  0.00089594      466.98    0.041287
        SI      25.35      2.6191     0.29372      67.468     0.86953
 alpha_eta     2.9719     0.34691     0.03101      42.564     0.96036
  beta_eta    0.26484      0.1088    0.012994      108.27     0.27854
      D_ss      94.12      35.194      5.7099      415.13     0.45013
   alpha_B   0.054766    0.026283   0.0024742      36.644     0.85476
     Qpanc     519.24      32.851      2.5305      52.119     0.99032
    mues_e     2.6908      1.5679     0.23929      156.67     0.44001
    mues_r     56.533       21.18      2.6012      147.82     0.96073
  onset_mu     4.8194     0.01302   0.0011383       56.09      0.9989
onset_sigma    0.21932   0.0093143   0.0007494      39.899     0.97103
---------------------------------------------------------------------