MCMC statistics, nsimu = 10000

                 mean         std      MC_err         tau      geweke
---------------------------------------------------------------------
        e1 9.1765e-05  8.9274e-07  1.7365e-07      430.78     0.96732
        e2 7.5933e-05  6.9104e-07  1.0402e-07      302.13     0.97565
   delta_B   0.016262   1.383e-06  2.5293e-07      393.23     0.99973
        SI    0.10011  8.2185e-07  1.4756e-07      387.99     0.99997
        GI     14.142  6.5153e-07  1.0777e-07      342.94           1
    mues_r 3.1313e-05  3.1597e-07  4.7267e-08      300.73     0.97305
    mues_e 6.9735e-05  5.3844e-07  7.8749e-08      292.94     0.97976
 alpha_eta   0.010009  3.6079e-07  6.7734e-08      395.33     0.99989
  beta_eta         21  2.3527e-07  2.4312e-08      188.07           1
 eta_basal   0.010009   2.017e-07  3.8773e-08      410.23     0.99994
resting_macrophages   4.77e+05  7.2015e-07   1.132e-07      313.83           1
beta_cells        300  7.7282e-07  1.0041e-07      239.29           1
   glucose        100  6.4195e-07  1.1105e-07      363.99           1
   insulin     9.9999  6.0964e-07  8.4353e-08      260.63           1
---------------------------------------------------------------------