MCMC statistics, nsimu = 6000

                 mean         std      MC_err         tau      geweke
---------------------------------------------------------------------
        e1 0.00010147  5.5789e-05  4.2772e-06      30.528     0.95242
        e2 0.00010556  5.8919e-05  5.6715e-06      55.449     0.57405
   delta_B   0.031436    0.017685    0.003903      782.95     0.15609
        SI    0.12571    0.030095   0.0066192      744.84     0.51714
        GI     14.181    0.048636    0.010692      744.97     0.99282
    mues_r  0.0013079  0.00081087  0.00010417      194.56     0.07199
    mues_e   0.001536  0.00088633  0.00014983      518.25    0.023482
 alpha_eta   0.050575    0.044861   0.0098474      749.95     0.04665
  beta_eta     20.977    0.040183   0.0086973      778.79     0.99656
 eta_basal    0.01592   0.0064078   0.0013155      712.72     0.28171
Initial_condition   4.77e+05    0.058306    0.012864      757.79           1
Beta_cells     299.98    0.034556   0.0075763       796.6     0.99977
   Glucose     99.913     0.11243    0.024802      772.86     0.99762
   Insulin      10.01    0.021539   0.0046626      789.06     0.99638
---------------------------------------------------------------------