MCMC statistics, nsimu = 6000

                 mean         std      MC_err         tau      geweke
---------------------------------------------------------------------
        R0   0.056926    0.027238   0.0027103      64.598     0.42946
       EG0   0.040217    0.033827   0.0060165      613.18    0.013008
        SI      24.58      2.2435     0.33388      221.78     0.86205
 alpha_eta     2.9181     0.34039    0.030187      51.646     0.96482
  beta_eta    0.18075    0.057934   0.0076737      140.28     0.52818
      D_ss     120.92       17.11      2.3356      249.96     0.78999
   alpha_B   0.078052    0.019116   0.0033625      526.11      0.6379
     Qpanc     521.33      33.475      3.5522      54.586     0.98363
    mues_e     1.1897     0.12031    0.016364       128.9      0.9913
    mues_r     33.482      2.8478     0.43921      443.59     0.86959
  onset_mu     4.8127    0.012184  0.00090733      37.443     0.99977
onset_sigma    0.21678   0.0086688  0.00076154       46.55     0.99854