MCMC statistics, nsimu = 6000

                 mean         std      MC_err         tau      geweke
---------------------------------------------------------------------
        e1  0.0001034  5.7574e-05  5.2338e-06        46.2     0.51628
        e2 0.00010549  5.8554e-05  4.9601e-06      47.581     0.69363
   delta_B   0.017812   0.0017881  0.00033124      529.21     0.80221
        SI    0.10194   0.0022279  0.00043574      373.96       0.964
        GI     14.231     0.17315    0.037904      571.95     0.98328
    mues_r  0.0013729  0.00081406    5.36e-05      34.421     0.71121
    mues_e  0.0015093  0.00078855  8.1923e-05      81.228     0.40426
 alpha_eta   0.017759   0.0087705   0.0016141      415.87     0.31639
  beta_eta     20.913     0.17308     0.03786      571.83     0.98879
 eta_basal   0.017599   0.0064343   0.0012153      599.24     0.27734
  onset_mu     4.8133   0.0074508    0.001391      549.48     0.99803
onset_sigma    0.21024   0.0057246  0.00090429      405.14     0.95846
---------------------------------------------------------------------