MCMC statistics, nsimu = 10000

                 mean         std      MC_err         tau      geweke
---------------------------------------------------------------------
        e1 0.00010791   5.825e-05  5.4991e-06      64.508     0.90849
        e2 9.9354e-05  5.8922e-05  3.6826e-06      32.808     0.77314
   delta_B   0.045966    0.017079   0.0032703      1140.6      0.1249
        SI    0.16573    0.041917   0.0085364      1190.7     0.29203
        GI     14.153   0.0091062   0.0016664      1131.3     0.99838
    mues_r   0.001026  0.00078446  0.00011008      502.61     0.28468
    mues_e  0.0016997  0.00078948  7.7221e-05      103.92     0.86591
 alpha_eta   0.046788    0.027128   0.0050702      1087.8    0.050901
  beta_eta     21.055    0.059693    0.010608      633.15     0.99457
 eta_basal   0.020334   0.0065641   0.0011452      752.16     0.27501
rest_macrophage   4.77e+05    0.081101    0.014528      637.94           1
Beta_cells     300.02    0.032506   0.0053242      525.99     0.99986
   Glucose     100.02    0.023269   0.0037851      599.48     0.99956
   Insulin     10.047    0.057837   0.0094988      790.12     0.98992
---------------------------------------------------------------------