
                 mean         std      MC_err         tau      geweke
---------------------------------------------------------------------
        e1 1.1673e-07  1.6559e-07  3.5767e-08      681.57    0.046149
        e2 3.7667e-08  3.1453e-08  6.2252e-09      700.93     0.19092
   delta_B   0.027414   0.0074941   0.0010159      183.22     0.77167
        SI    0.67275     0.42786    0.073154      891.21     0.19112
        GI     28.193        6.42     0.59926       116.4     0.84095
    mues_r 5.4229e-06  3.2881e-06  6.1119e-07       682.6     0.13604
    mues_e  1.097e-05  1.2686e-05  2.6996e-06      1077.7    0.077602
 alpha_eta    0.15491     0.18807    0.040387      1101.4    0.055517
  beta_eta     25.268      2.0544     0.23533       174.4     0.96628
 eta_basal    0.01713   0.0045764  0.00057011      541.16     0.66011
resting_macrophages 4.7968e+05       26506      2490.9      61.329     0.96366
beta_cells     300.62      16.661     0.93231      57.416     0.98431
   glucose     101.46      5.5619     0.39116      73.458     0.99159
   insulin     10.015     0.56981    0.035669      66.973     0.98635
---------------------------------------------------------------------

rejected:0.375000000000000